# W2 INT8 [10][16]: moi dong = 1 lop k (0..9), 16 he so theo hidden j
7 -11 -8 3 -24 52 11 -25 -70 35 49 -9 -56 -113 2 24
-2 48 56 5 -40 54 -19 76 31 -35 -65 -61 -64 21 -13 -56
6 26 -23 14 36 -22 53 -2 -10 -42 -26 20 -57 83 -97 50
17 32 -87 -25 -2 -9 -50 37 40 37 -65 -38 -1 0 -18 27
9 -10 66 -117 -65 -26 58 59 -39 32 -18 35 32 -39 -38 -74
-12 -49 -95 -43 26 26 -45 -127 27 -60 20 8 18 -3 79 28
-2 -56 -47 53 -25 19 11 20 27 -26 -7 61 -53 -81 26 -106
-19 44 9 -24 60 35 -61 40 -89 44 -49 -56 3 36 -47 1
19 -21 -39 -20 -90 -99 -7 -44 31 8 53 2 10 29 -10 2
4 -118 41 40 11 -41 23 -14 -32 -3 -35 -70 61 -43 27 -6
